1 9 14 8
2 9 9 8
3 9 9 11
4 16 9 11
5 16 15 5
6 12 15 5
7 15 8 2
8 15 8 16
9 15 8 16
10 4 3 19
11 4 3 19
12 4 3 12
13 14 5 12
14 14 5 17
15 11 5 17
16 11 17 13
17 3 17 13
18 3 17 6
19 3 17 6
20 5 13 14
21 7 7 18
22 7 7 18
23 7 13 18
24 5 1 14
25 18 10 9
26 18 1 9
27 18 10 7
28 18 4 7
29 18 4 7
30 18 14 8
31 18 19 20
32 6 19 3
33 6 6 20
34 6 2 3
35 6 6 1
36 6 2 3
37 6 2 1
38 17 18 15
39 17 18 15
40 10 16 10
41 10 16 10
42 1 16 10
43 2 16 10
44 1 16 10
45 2 12 4
46 8 12 4
47 8 12 4
48 13 12 4
49 13 11 2
50 12 11 2
51 15 11 2
