1 1 2 1 1 1 5 6 6 4 3 11 1 5 6 9 1 3 9 14 8
2 1 2 1 1 1 5 4 6 4 8 11 1 5 6 9 1 4 9 9 8
3 1 1 1 3 1 5 4 6 4 8 11 1 5 6 9 1 4 9 9 11
4 1 2 2 2 1 1 4 6 4 8 11 1 2 6 9 1 15 16 9 11
5 1 2 2 2 2 1 4 3 4 8 3 1 2 1 6 13 15 16 15 5
6 1 2 2 2 2 1 7 3 3 7 3 8 9 2 6 13 5 12 15 5
7 1 2 3 2 3 1 7 3 3 7 3 8 9 2 14 11 5 15 8 2
8 1 2 2 2 2 1 7 3 3 7 3 10 9 2 1 13 5 15 8 16
9 1 2 2 2 2 1 7 3 3 7 3 10 9 1 1 13 5 15 8 16
10 1 1 2 2 2 1 7 8 3 7 3 10 7 1 15 13 5 4 3 19
11 1 1 2 4 2 6 7 8 1 4 3 10 7 1 15 13 12 4 3 19
12 1 1 2 4 2 6 7 8 1 4 3 10 7 1 15 13 12 4 3 12
13 1 1 2 4 2 6 3 8 1 4 8 3 8 14 4 10 12 14 5 12
14 1 1 2 4 2 6 3 8 1 4 8 3 8 7 4 10 12 14 5 17
15 1 1 2 4 2 6 3 8 5 4 8 3 8 7 4 10 7 11 5 17
16 1 1 2 4 2 6 3 7 5 4 8 7 13 14 12 8 7 11 17 13
17 1 1 2 4 4 3 3 7 5 2 8 7 13 12 12 8 9 3 17 13
18 1 1 2 4 4 3 3 7 5 2 8 7 13 12 12 8 9 3 17 6
19 1 1 2 3 4 3 2 7 9 2 5 5 1 12 8 8 10 3 17 6
20 1 1 1 3 4 3 2 2 9 2 5 9 1 12 3 6 11 5 13 14
21 1 1 1 3 4 3 2 5 9 2 5 5 1 10 8 4 10 7 7 18
22 1 1 1 3 4 3 2 5 9 5 5 9 1 10 8 4 11 7 7 18
23 1 1 1 3 4 3 2 5 6 5 7 9 1 10 8 4 17 7 13 18
24 1 1 1 3 4 3 2 2 6 5 7 9 1 3 3 6 17 5 1 14
25 1 1 1 3 4 3 2 4 6 5 7 11 4 10 3 4 13 18 10 9
26 1 1 1 3 4 3 2 2 6 5 6 11 4 3 3 3 13 18 1 9
27 1 1 1 3 4 3 2 4 6 5 6 11 4 11 13 3 14 18 10 7
28 1 1 1 3 1 3 6 4 6 3 6 11 4 11 13 3 14 18 4 7
29 1 1 1 3 1 5 6 4 6 3 6 6 4 11 13 3 14 18 4 7
30 1 1 1 3 1 5 6 6 2 3 6 6 3 6 13 9 3 18 14 8
31 1 2 1 3 1 5 6 6 2 10 10 6 3 11 13 9 6 18 19 20
32 1 2 1 1 1 5 6 6 2 10 9 4 3 6 10 12 8 6 19 3
33 1 2 1 1 1 5 6 6 2 10 10 4 6 6 10 12 6 6 6 20
34 1 2 1 1 1 5 6 6 2 10 9 4 6 6 10 12 8 6 2 3
35 1 2 1 1 5 5 1 1 2 9 10 4 6 5 10 16 6 6 6 1
36 1 2 1 1 5 5 1 1 2 9 9 4 6 5 10 16 8 6 2 3
37 1 2 1 1 5 4 1 1 8 9 1 12 10 5 10 16 1 6 2 1
38 1 2 1 1 5 4 1 1 8 9 1 12 10 5 5 2 1 17 18 15
39 1 2 3 1 5 4 1 1 8 9 1 12 10 5 5 2 1 17 18 15
40 1 2 3 1 5 4 1 1 8 9 1 12 12 5 11 16 16 10 16 10
41 1 2 3 1 5 4 1 1 8 1 1 12 12 9 11 7 16 10 16 10
42 1 2 3 1 5 4 1 1 8 1 4 12 12 8 11 7 16 1 16 10
43 1 2 3 1 3 2 5 1 8 1 4 2 12 8 7 14 16 2 16 10
44 1 2 3 1 3 2 5 1 8 1 4 2 12 9 7 15 16 1 16 10
45 1 2 3 2 3 2 5 3 7 6 4 2 11 4 7 14 2 2 12 4
46 1 2 3 2 3 2 5 3 7 6 2 2 11 13 2 15 2 8 12 4
47 1 2 3 2 3 2 5 3 7 6 2 2 11 13 2 5 2 8 12 4
48 1 2 3 2 3 2 5 3 7 6 2 2 11 13 2 5 2 13 12 4
49 1 2 3 2 3 2 5 3 7 6 2 8 11 4 2 11 2 13 11 2
50 1 2 3 2 3 1 7 3 7 6 2 8 9 2 14 11 5 12 11 2
51 1 2 3 2 3 1 7 3 3 7 3 8 9 2 14 11 5 15 11 2
